name,date,daily_tests,positive_tests,tests
Connecticut,2020-03-08,35,2,35
Connecticut,2020-03-09,46,4,81
Connecticut,2020-03-10,27,6,108
Connecticut,2020-03-11,62,11,170
Connecticut,2020-03-12,97,45,267
Connecticut,2020-03-13,140,31,407
Connecticut,2020-03-14,118,28,525
Connecticut,2020-03-15,129,27,654
Connecticut,2020-03-16,547,134,1201
Connecticut,2020-03-17,968,159,2169
Connecticut,2020-03-18,1307,247,3476
Connecticut,2020-03-19,1494,300,4970
Connecticut,2020-03-20,1607,338,6577
Connecticut,2020-03-21,930,266,7507
Connecticut,2020-03-22,651,168,8158
Connecticut,2020-03-23,1741,484,9899
Connecticut,2020-03-24,1965,494,11864
Connecticut,2020-03-25,1889,519,13753
Connecticut,2020-03-26,2210,699,15963
Connecticut,2020-03-27,2157,666,18120
Connecticut,2020-03-28,1288,479,19408
Connecticut,2020-03-29,811,385,20219
Connecticut,2020-03-30,2098,868,22317
Connecticut,2020-03-31,2187,909,24504
Connecticut,2020-04-01,2425,969,26929
Connecticut,2020-04-02,2374,941,29303
Connecticut,2020-04-03,2411,884,31714
Connecticut,2020-04-04,1694,695,33408
Connecticut,2020-04-05,1144,469,34552
Connecticut,2020-04-06,2763,1105,37315
Connecticut,2020-04-07,2854,1184,40169
Connecticut,2020-04-08,2983,1199,43152
Connecticut,2020-04-09,2528,1046,45680
Connecticut,2020-04-10,2767,1165,48447
Connecticut,2020-04-11,1790,694,50237
Connecticut,2020-04-12,1048,412,51285
Connecticut,2020-04-13,1592,739,52877
Connecticut,2020-04-14,3656,1321,56533
Connecticut,2020-04-15,3103,1201,59636
Connecticut,2020-04-16,3160,1082,62796
Connecticut,2020-04-17,3698,1124,66494
Connecticut,2020-04-18,2232,592,68726
Connecticut,2020-04-19,1602,441,70328
Connecticut,2020-04-20,3514,1175,73842
Connecticut,2020-04-21,3033,966,76875
Connecticut,2020-04-22,3997,1065,80872
Connecticut,2020-04-23,4035,994,84907
Connecticut,2020-04-24,4297,938,89204
Connecticut,2020-04-25,2455,621,91659
Connecticut,2020-04-26,1868,415,93527
Connecticut,2020-04-27,4353,1028,97880
Connecticut,2020-04-28,3799,881,101679
Connecticut,2020-04-29,4639,990,106318
Connecticut,2020-04-30,3510,784,109828
Connecticut,2020-05-01,3959,883,113787
Connecticut,2020-05-02,3130,573,116917
Connecticut,2020-05-03,2307,437,119224
Connecticut,2020-05-04,4274,864,123498
Connecticut,2020-05-05,4763,887,128261
Connecticut,2020-05-06,4264,684,132525
Connecticut,2020-05-07,4449,797,136974
Connecticut,2020-05-08,5949,752,142923
Connecticut,2020-05-09,2856,357,145779
Connecticut,2020-05-10,2193,290,147972
Connecticut,2020-05-11,6020,882,153992
Connecticut,2020-05-12,7895,811,161887
Connecticut,2020-05-13,7515,933,169402
Connecticut,2020-05-14,7675,803,177077
Connecticut,2020-05-15,7511,645,184588
Connecticut,2020-05-16,3686,308,188274
Connecticut,2020-05-17,2672,226,190946
Connecticut,2020-05-18,6834,713,197780
Connecticut,2020-05-19,6904,786,204684
Connecticut,2020-05-20,7071,718,211755
Connecticut,2020-05-21,7263,580,219018
Connecticut,2020-05-22,7191,491,226209
Connecticut,2020-05-23,3373,215,229582
Connecticut,2020-05-24,2551,186,232133
Connecticut,2020-05-25,2252,143,234385
Connecticut,2020-05-26,8924,647,243309
Connecticut,2020-05-27,8479,627,251788
Connecticut,2020-05-28,8240,444,260028
Connecticut,2020-05-29,7329,351,267357
Connecticut,2020-05-30,3697,207,271054
Connecticut,2020-05-31,2454,111,273508
Connecticut,2020-06-01,8147,488,281655
Connecticut,2020-06-02,7428,426,289083
Connecticut,2020-06-03,7506,341,296589
Connecticut,2020-06-04,8128,386,304717
Connecticut,2020-06-05,7825,263,312542
Connecticut,2020-06-06,3554,121,316096
Connecticut,2020-06-07,2410,81,318506
Connecticut,2020-06-08,8698,373,327204
Connecticut,2020-06-09,8269,297,335473
Connecticut,2020-06-10,9164,409,344637
Connecticut,2020-06-11,7183,259,351820
Connecticut,2020-06-12,6452,165,358272
Connecticut,2020-06-13,2994,81,361266
Connecticut,2020-06-14,2383,62,363649
Connecticut,2020-06-15,8815,197,372464
Connecticut,2020-06-16,9722,170,382186
Connecticut,2020-06-17,9974,226,392160
Connecticut,2020-06-18,8742,173,400902
Connecticut,2020-06-19,6561,149,407463
Connecticut,2020-06-20,4307,81,411770
Connecticut,2020-06-21,3137,47,414907
Connecticut,2020-06-22,11927,171,426834
Connecticut,2020-06-23,11876,165,438710
Connecticut,2020-06-24,13343,186,452053
Connecticut,2020-06-25,13692,164,465745
Connecticut,2020-06-26,11101,144,476846
Connecticut,2020-06-27,5266,80,482112
Connecticut,2020-06-28,3808,52,485920
Connecticut,2020-06-29,13099,163,499019
Connecticut,2020-06-30,14808,203,513827
Connecticut,2020-07-01,13730,200,527557
Connecticut,2020-07-02,13916,186,541473
Connecticut,2020-07-03,5781,85,547254
Connecticut,2020-07-04,2124,39,549378
Connecticut,2020-07-05,4322,55,553700
Connecticut,2020-07-06,15052,165,568752
Connecticut,2020-07-07,14349,181,583101
Connecticut,2020-07-08,14906,152,598007
Connecticut,2020-07-09,12505,132,610512
Connecticut,2020-07-10,12178,114,622690
Connecticut,2020-07-11,5089,65,627779
Connecticut,2020-07-12,4230,50,632009
Connecticut,2020-07-13,14273,155,646282
Connecticut,2020-07-14,15716,153,661998
Connecticut,2020-07-15,14217,131,676215
Connecticut,2020-07-16,13045,136,689260
Connecticut,2020-07-17,12803,88,702063
Connecticut,2020-07-18,3907,60,705970
Connecticut,2020-07-19,6051,42,712021
Connecticut,2020-07-20,12870,136,724891
Connecticut,2020-07-21,13622,150,738513
Connecticut,2020-07-22,14094,115,752607
Connecticut,2020-07-23,15308,177,767915
Connecticut,2020-07-24,12085,151,780000
Connecticut,2020-07-25,5334,63,785334
Connecticut,2020-07-26,7211,35,792545
Connecticut,2020-07-27,13257,162,805802
Connecticut,2020-07-28,14209,119,820011
Connecticut,2020-07-29,15053,132,835064
Connecticut,2020-07-30,14329,135,849393
Connecticut,2020-07-31,11543,99,860936
Connecticut,2020-08-01,5378,49,866314
Connecticut,2020-08-02,7311,40,873625
Connecticut,2020-08-03,12706,145,886331
Connecticut,2020-08-04,12331,125,898662
Connecticut,2020-08-05,13169,129,911831
Connecticut,2020-08-06,14971,144,926802
Connecticut,2020-08-07,11593,87,938395
Connecticut,2020-08-08,5384,46,943779
Connecticut,2020-08-09,6458,39,950237
Connecticut,2020-08-10,16189,115,966426
Connecticut,2020-08-11,15318,132,981744
Connecticut,2020-08-12,16381,118,998125
Connecticut,2020-08-13,15846,136,1013971
Connecticut,2020-08-14,14616,154,1028587
Connecticut,2020-08-15,7277,56,1035864
Connecticut,2020-08-16,9062,51,1044926
Connecticut,2020-08-17,19188,184,1064114
Connecticut,2020-08-18,16827,179,1080941
Connecticut,2020-08-19,17623,173,1098564
Connecticut,2020-08-20,17665,151,1116229
Connecticut,2020-08-21,14383,117,1130612
Connecticut,2020-08-22,6700,97,1137312
Connecticut,2020-08-23,5787,59,1143099
Connecticut,2020-08-24,19762,214,1162861
Connecticut,2020-08-25,20615,189,1183476
Connecticut,2020-08-26,20373,166,1203849
Connecticut,2020-08-27,19106,154,1222955
Connecticut,2020-08-28,17947,206,1240902
Connecticut,2020-08-29,8112,110,1249014
Connecticut,2020-08-30,8345,63,1257359
Connecticut,2020-08-31,20285,212,1277644
Connecticut,2020-09-01,20387,200,1298031
Connecticut,2020-09-02,19896,206,1317927
Connecticut,2020-09-03,21826,199,1339753
Connecticut,2020-09-04,16028,136,1355781
Connecticut,2020-09-05,6969,112,1362750
Connecticut,2020-09-06,5511,77,1368261
Connecticut,2020-09-07,9140,83,1377401
Connecticut,2020-09-08,27611,284,1405012
Connecticut,2020-09-09,27270,254,1432282
Connecticut,2020-09-10,21443,197,1453725
Connecticut,2020-09-11,17223,202,1470948
Connecticut,2020-09-12,7926,153,1478874
Connecticut,2020-09-13,7301,90,1486175
Connecticut,2020-09-14,23456,284,1509631
Connecticut,2020-09-15,24821,194,1534452
Connecticut,2020-09-16,23002,208,1557454
Connecticut,2020-09-17,21723,221,1579177
Connecticut,2020-09-18,19181,224,1598358
Connecticut,2020-09-19,8085,149,1606443
Connecticut,2020-09-20,8027,97,1614470
Connecticut,2020-09-21,25326,271,1639796
Connecticut,2020-09-22,28852,278,1668648
Connecticut,2020-09-23,24899,283,1693547
Connecticut,2020-09-24,23970,264,1717517
Connecticut,2020-09-25,19158,306,1736675
Connecticut,2020-09-26,7870,218,1744545
Connecticut,2020-09-27,5700,125,1750245
Connecticut,2020-09-28,28894,430,1779139
Connecticut,2020-09-29,30539,433,1809678
Connecticut,2020-09-30,26632,397,1836310
Connecticut,2020-10-01,26894,347,1863204
Connecticut,2020-10-02,23270,401,1886474
Connecticut,2020-10-03,9774,191,1896248
Connecticut,2020-10-04,7804,149,1904052
Connecticut,2020-10-05,35384,465,1939436
Connecticut,2020-10-06,40352,499,1979788
Connecticut,2020-10-07,32434,640,2012222
Connecticut,2020-10-08,29033,513,2041255
Connecticut,2020-10-09,25158,502,2066413
Connecticut,2020-10-10,10383,269,2076796
Connecticut,2020-10-11,8334,212,2085130
Connecticut,2020-10-12,27989,524,2113119
Connecticut,2020-10-13,29247,614,2142366
Connecticut,2020-10-14,29299,598,2171665
Connecticut,2020-10-15,27746,616,2199411
Connecticut,2020-10-16,24872,609,2224283
Connecticut,2020-10-17,10648,416,2234931
Connecticut,2020-10-18,10765,707,2245696
Connecticut,2020-10-19,37427,841,2283123
Connecticut,2020-10-20,38662,793,2321785
Connecticut,2020-10-21,31895,858,2353680
Connecticut,2020-10-22,33164,872,2386844
Connecticut,2020-10-23,26264,932,2413108
Connecticut,2020-10-24,11455,577,2424563
Connecticut,2020-10-25,10363,495,2434926
Connecticut,2020-10-26,39657,1225,2474583
Connecticut,2020-10-27,45593,1232,2520176
Connecticut,2020-10-28,39123,1274,2559299
Connecticut,2020-10-29,33578,1177,2592877
Connecticut,2020-10-30,26428,1131,2619305
Connecticut,2020-10-31,11908,683,2631213
Connecticut,2020-11-01,11218,623,2642431
Connecticut,2020-11-02,42603,1601,2685034
Connecticut,2020-11-03,40753,1387,2725787
Connecticut,2020-11-04,39965,1979,2765752
Connecticut,2020-11-05,40397,2115,2806149
Connecticut,2020-11-06,37023,2251,2843172
Connecticut,2020-11-07,16395,1367,2859567
Connecticut,2020-11-08,14075,1156,2873642
Connecticut,2020-11-09,48247,2825,2921889
Connecticut,2020-11-10,49254,2723,2971143
Connecticut,2020-11-11,43820,2677,3014963
Connecticut,2020-11-12,42823,2504,3057786
Connecticut,2020-11-13,40396,2615,3098182
Connecticut,2020-11-14,19439,1677,3117621
Connecticut,2020-11-15,17275,1162,3134896
Connecticut,2020-11-16,52142,2948,3187038
Connecticut,2020-11-17,48678,2776,3235716
Connecticut,2020-11-18,49941,2703,3285657
Connecticut,2020-11-19,44911,2595,3330568
Connecticut,2020-11-20,43835,2571,3374403
Connecticut,2020-11-21,21826,1709,3396229
Connecticut,2020-11-22,19959,1360,3416188
Connecticut,2020-11-23,55584,3012,3471772
Connecticut,2020-11-24,54480,2940,3526252
Connecticut,2020-11-25,42132,2855,3568384
Connecticut,2020-11-26,4621,436,3573005
Connecticut,2020-11-27,32201,2704,3605206
Connecticut,2020-11-28,18314,1964,3623520
Connecticut,2020-11-29,14920,1367,3638440
Connecticut,2020-11-30,42576,3254,3681016
Connecticut,2020-12-01,45937,3736,3726953
Connecticut,2020-12-02,44333,3667,3771286
Connecticut,2020-12-03,41115,3302,3812401
Connecticut,2020-12-04,33784,3145,3846185
Connecticut,2020-12-05,17302,1790,3863487
Connecticut,2020-12-06,17059,1587,3880546
Connecticut,2020-12-07,43648,3464,3924194
Connecticut,2020-12-08,43859,3142,3968053
Connecticut,2020-12-09,45319,3036,4013372
Connecticut,2020-12-10,41119,2929,4054491
Connecticut,2020-12-11,36585,2984,4091076
Connecticut,2020-12-12,19281,1967,4110357
Connecticut,2020-12-13,16613,1546,4126970
Connecticut,2020-12-14,49381,3474,4176351
Connecticut,2020-12-15,45655,3063,4222006
Connecticut,2020-12-16,41266,2647,4263272
Connecticut,2020-12-17,11309,573,4274581
Connecticut,2020-12-18,36520,2920,4311101
Connecticut,2020-12-19,18947,1821,4330048
Connecticut,2020-12-20,18716,1412,4348764
Connecticut,2020-12-21,51870,3379,4400634
Connecticut,2020-12-22,51301,2975,4451935
Connecticut,2020-12-23,44143,2793,4496078
Connecticut,2020-12-24,23424,1978,4519502
Connecticut,2020-12-25,3925,378,4523427
Connecticut,2020-12-26,19506,2220,4542933
Connecticut,2020-12-27,18317,1811,4561250
Connecticut,2020-12-28,50916,3939,4612166
Connecticut,2020-12-29,49021,3649,4661187
Connecticut,2020-12-30,46081,3435,4707268
Connecticut,2020-12-31,31488,2714,4738756
Connecticut,2021-01-01,7104,702,4745860
Connecticut,2021-01-02,24417,2644,4770277
Connecticut,2021-01-03,20913,2064,4791190
Connecticut,2021-01-04,56398,4214,4847588
Connecticut,2021-01-05,51057,4029,4898645
Connecticut,2021-01-06,49055,3659,4947700
Connecticut,2021-01-07,44440,3410,4992140
Connecticut,2021-01-08,36476,3218,5028616
Connecticut,2021-01-09,21890,2257,5050506
Connecticut,2021-01-10,18281,1682,5068787
Connecticut,2021-01-11,55396,3506,5124183
Connecticut,2021-01-12,51445,3093,5175628
Connecticut,2021-01-13,49799,2909,5225427
Connecticut,2021-01-14,42561,2872,5267988
Connecticut,2021-01-15,37414,2727,5305402
Connecticut,2021-01-16,21391,1773,5326793
Connecticut,2021-01-17,20908,1599,5347701
Connecticut,2021-01-18,46581,2562,5394282
Connecticut,2021-01-19,53575,2763,5447857
Connecticut,2021-01-20,48794,2614,5496651
Connecticut,2021-01-21,45750,2574,5542401
Connecticut,2021-01-22,38400,2523,5580801
Connecticut,2021-01-23,21377,1674,5602178
Connecticut,2021-01-24,20659,1337,5622837
Connecticut,2021-01-25,58710,2516,5681547
Connecticut,2021-01-26,49771,2130,5731318
Connecticut,2021-01-27,45241,2109,5776559
Connecticut,2021-01-28,42448,2029,5819007
Connecticut,2021-01-29,34248,1711,5853255
Connecticut,2021-01-30,20556,1353,5873811
Connecticut,2021-01-31,19601,1183,5893412
Connecticut,2021-02-01,16237,472,5909649
Connecticut,2021-02-02,38617,1650,5948266
Connecticut,2021-02-03,55645,2228,6003911
Connecticut,2021-02-04,46560,1857,6050471
Connecticut,2021-02-05,35156,1538,6085627
Connecticut,2021-02-06,17983,1113,6103610
Connecticut,2021-02-07,11579,554,6115189
Connecticut,2021-02-08,50401,1689,6165590
Connecticut,2021-02-09,43585,1203,6209175
Connecticut,2021-02-10,46285,1483,6255460
Connecticut,2021-02-11,39646,1278,6295106
Connecticut,2021-02-12,30527,1220,6325633
Connecticut,2021-02-13,15859,892,6341492
Connecticut,2021-02-14,14354,647,6355846
Connecticut,2021-02-15,41467,1144,6397313
Connecticut,2021-02-16,44285,1110,6441598
Connecticut,2021-02-17,45614,1293,6487212
Connecticut,2021-02-18,28373,824,6515585
Connecticut,2021-02-19,28318,978,6543903
Connecticut,2021-02-20,16157,779,6560060
Connecticut,2021-02-21,16095,620,6576155
Connecticut,2021-02-22,51832,1338,6627987
Connecticut,2021-02-23,50472,1288,6678459
Connecticut,2021-02-24,44920,1131,6723379
Connecticut,2021-02-25,37332,1193,6760711
Connecticut,2021-02-26,27595,849,6788306
Connecticut,2021-02-27,13681,734,6801987
Connecticut,2021-02-28,13784,596,6815771
Connecticut,2021-03-01,42903,1029,6858674
Connecticut,2021-03-02,42999,1042,6901673
Connecticut,2021-03-03,39982,1170,6941655
Connecticut,2021-03-04,34372,1072,6976027
Connecticut,2021-03-05,30171,1057,7006198
Connecticut,2021-03-06,14246,671,7020444
Connecticut,2021-03-07,14581,720,7035025
Connecticut,2021-03-08,44191,1286,7079216
Connecticut,2021-03-09,35524,1166,7114740
Connecticut,2021-03-10,38986,1196,7153726
Connecticut,2021-03-11,35819,1245,7189545
Connecticut,2021-03-12,30326,1284,7219871
Connecticut,2021-03-13,13793,831,7233664
Connecticut,2021-03-14,13559,726,7247223
Connecticut,2021-03-15,41740,1387,7288963
Connecticut,2021-03-16,44061,1366,7333024
Connecticut,2021-03-17,40615,1461,7373639
Connecticut,2021-03-18,36720,1515,7410359
Connecticut,2021-03-19,32594,1397,7442953
Connecticut,2021-03-20,16410,1109,7459363
Connecticut,2021-03-21,14815,898,7474178
Connecticut,2021-03-22,47210,1814,7521388
Connecticut,2021-03-23,51899,1691,7573287
Connecticut,2021-03-24,44472,1791,7617759
Connecticut,2021-03-25,42768,1741,7660527
Connecticut,2021-03-26,38105,2019,7698632
Connecticut,2021-03-27,15899,1170,7714531
Connecticut,2021-03-28,16155,1023,7730686
Connecticut,2021-03-29,47629,1943,7778315
Connecticut,2021-03-30,43227,1705,7821542
Connecticut,2021-03-31,41914,1933,7863456
Connecticut,2021-04-01,34938,1614,7898394
Connecticut,2021-04-02,30084,1461,7928478
Connecticut,2021-04-03,16141,1056,7944619
Connecticut,2021-04-04,8394,538,7953013
Connecticut,2021-04-05,49459,1906,8002472
Connecticut,2021-04-06,48010,1718,8050482
Connecticut,2021-04-07,45721,1588,8096203
Connecticut,2021-04-08,38924,1509,8135127
Connecticut,2021-04-09,31338,1442,8166465
Connecticut,2021-04-10,14554,959,8181019
Connecticut,2021-04-11,13590,873,8194609
Connecticut,2021-04-12,50601,1904,8245210
Connecticut,2021-04-13,40002,1333,8285212
Connecticut,2021-04-14,38538,1427,8323750
Connecticut,2021-04-15,34515,1253,8358265
Connecticut,2021-04-16,32297,1207,8390562
Connecticut,2021-04-17,18042,995,8408604
Connecticut,2021-04-18,16462,674,8425066
Connecticut,2021-04-19,46145,1306,8471211
Connecticut,2021-04-20,44623,1278,8515834
Connecticut,2021-04-21,36515,1229,8552349
Connecticut,2021-04-22,33510,1096,8585859
Connecticut,2021-04-23,28800,946,8614659
Connecticut,2021-04-24,12876,597,8627535
Connecticut,2021-04-25,10478,442,8638013
Connecticut,2021-04-26,41784,1083,8679797
Connecticut,2021-04-27,38890,805,8718687
Connecticut,2021-04-28,36364,849,8755051
Connecticut,2021-04-29,31981,750,8787032
Connecticut,2021-04-30,25996,714,8813028
Connecticut,2021-05-01,10500,448,8823528
Connecticut,2021-05-02,10808,413,8834336
Connecticut,2021-05-03,38221,714,8872557
Connecticut,2021-05-04,34132,525,8906689
Connecticut,2021-05-05,29684,515,8936373
Connecticut,2021-05-06,24671,407,8961044
Connecticut,2021-05-07,22744,474,8983788
Connecticut,2021-05-08,10167,321,8993955
Connecticut,2021-05-09,7779,232,9001734
Connecticut,2021-05-10,31980,479,9033714
Connecticut,2021-05-11,30240,429,9063954
Connecticut,2021-05-12,25163,415,9089117
Connecticut,2021-05-13,21627,370,9110744
Connecticut,2021-05-14,18284,342,9129028
Connecticut,2021-05-15,8076,157,9137104
Connecticut,2021-05-16,7536,164,9144640
Connecticut,2021-05-17,26979,339,9171619
Connecticut,2021-05-18,24844,289,9196463
Connecticut,2021-05-19,22130,268,9218593
Connecticut,2021-05-20,18147,247,9236740
Connecticut,2021-05-21,16039,222,9252779
Connecticut,2021-05-22,7530,180,9260309
Connecticut,2021-05-23,7018,135,9267327
Connecticut,2021-05-24,22525,222,9289852
Connecticut,2021-05-25,19601,181,9309453
Connecticut,2021-05-26,18042,180,9327495
Connecticut,2021-05-27,14107,161,9341602
Connecticut,2021-05-28,11586,130,9353188
Connecticut,2021-05-29,6697,77,9359885
Connecticut,2021-05-30,5923,61,9365808
Connecticut,2021-05-31,5704,60,9371512
Connecticut,2021-06-01,23810,162,9395322
Connecticut,2021-06-02,18029,112,9413351
Connecticut,2021-06-03,14028,145,9427379
Connecticut,2021-06-04,12745,107,9440124
Connecticut,2021-06-05,6352,64,9446476
Connecticut,2021-06-06,5565,73,9452041
Connecticut,2021-06-07,16348,126,9468389
Connecticut,2021-06-08,14857,77,9483246
Connecticut,2021-06-09,14440,72,9497686
Connecticut,2021-06-10,12541,75,9510227
Connecticut,2021-06-11,10819,76,9521046
Connecticut,2021-06-12,6253,58,9527299
Connecticut,2021-06-13,5541,44,9532840
Connecticut,2021-06-14,14687,70,9547527
Connecticut,2021-06-15,13824,70,9561351
Connecticut,2021-06-16,12127,69,9573478
Connecticut,2021-06-17,11766,72,9585244
Connecticut,2021-06-18,11017,71,9596261
Connecticut,2021-06-19,6244,47,9602505
Connecticut,2021-06-20,5279,46,9607784
Connecticut,2021-06-21,14346,65,9622130
Connecticut,2021-06-22,13559,59,9635689
Connecticut,2021-06-23,12869,69,9648558
Connecticut,2021-06-24,12270,50,9660828
Connecticut,2021-06-25,10270,59,9671098
Connecticut,2021-06-26,6072,54,9677170
Connecticut,2021-06-27,5356,49,9682526
Connecticut,2021-06-28,13226,78,9695752
Connecticut,2021-06-29,11990,85,9707742
Connecticut,2021-06-30,11567,93,9719309
Connecticut,2021-07-01,9105,70,9728414
Connecticut,2021-07-02,8999,81,9737413
Connecticut,2021-07-03,5800,72,9743213
Connecticut,2021-07-04,3001,36,9746214
Connecticut,2021-07-05,7736,111,9753950
Connecticut,2021-07-06,11953,90,9765903
Connecticut,2021-07-07,11218,133,9777121
Connecticut,2021-07-08,10373,94,9787494
Connecticut,2021-07-09,9857,110,9797351
Connecticut,2021-07-10,5853,97,9803204
Connecticut,2021-07-11,5081,103,9808285
Connecticut,2021-07-12,12129,173,9820414
Connecticut,2021-07-13,10638,143,9831052
Connecticut,2021-07-14,11650,196,9842702
Connecticut,2021-07-15,10520,214,9853222
Connecticut,2021-07-16,11060,233,9864282
Connecticut,2021-07-17,6500,169,9870782
Connecticut,2021-07-18,6353,183,9877135
Connecticut,2021-07-19,13951,347,9891086
Connecticut,2021-07-20,13438,317,9904524
Connecticut,2021-07-21,13924,361,9918448
Connecticut,2021-07-22,14183,399,9932631
Connecticut,2021-07-23,12536,327,9945167
Connecticut,2021-07-24,7222,277,9952389
Connecticut,2021-07-25,7345,278,9959734
Connecticut,2021-07-26,17015,575,9976749
Connecticut,2021-07-27,16278,487,9993027
Connecticut,2021-07-28,16017,603,10009044
Connecticut,2021-07-29,15702,586,10024746
Connecticut,2021-07-30,15279,575,10040025
Connecticut,2021-07-31,9884,481,10049909
Connecticut,2021-08-01,9266,444,10059175
Connecticut,2021-08-02,20531,797,10079706
Connecticut,2021-08-03,20810,801,10100516
Connecticut,2021-08-04,20843,755,10121359
Connecticut,2021-08-05,20865,775,10142224
Connecticut,2021-08-06,17823,695,10160047
Connecticut,2021-08-07,10953,518,10171000
Connecticut,2021-08-08,8319,394,10179319
Connecticut,2021-08-09,24156,1005,10203475
Connecticut,2021-08-10,23268,913,10226743
Connecticut,2021-08-11,21292,889,10248035
Connecticut,2021-08-12,20172,867,10268207
Connecticut,2021-08-13,19347,856,10287554
Connecticut,2021-08-14,11770,627,10299324
Connecticut,2021-08-15,9679,479,10309003
Connecticut,2021-08-16,22855,979,10331858
Connecticut,2021-08-17,23829,815,10355687
Connecticut,2021-08-18,22594,864,10378281
Connecticut,2021-08-19,21222,893,10399503
Connecticut,2021-08-20,20536,877,10420039
Connecticut,2021-08-21,10204,543,10430243
Connecticut,2021-08-22,5745,339,10435988
Connecticut,2021-08-23,26045,1062,10462033
Connecticut,2021-08-24,27199,1121,10489232
Connecticut,2021-08-25,23484,1010,10512716
Connecticut,2021-08-26,21897,954,10534613
Connecticut,2021-08-27,20768,847,10555381
Connecticut,2021-08-28,12126,653,10567507
Connecticut,2021-08-29,11244,582,10578751
Connecticut,2021-08-30,28212,1071,10606963
Connecticut,2021-08-31,26929,930,10633892
Connecticut,2021-09-01,24125,857,10658017
Connecticut,2021-09-02,22615,769,10680632
Connecticut,2021-09-03,21729,663,10702361
Connecticut,2021-09-04,12572,469,10714933
Connecticut,2021-09-05,11164,553,10726097
Connecticut,2021-09-06,12376,502,10738473
Connecticut,2021-09-07,35406,1026,10773879
Connecticut,2021-09-08,29796,1007,10803675
Connecticut,2021-09-09,28337,1030,10832012
Connecticut,2021-09-10,27491,970,10859503
Connecticut,2021-09-11,11820,612,10871323
Connecticut,2021-09-12,9943,451,10881266
Connecticut,2021-09-13,26066,1020,10907332
Connecticut,2021-09-14,26736,917,10934068
Connecticut,2021-09-15,27819,861,10961887
Connecticut,2021-09-16,28549,806,10990436
Connecticut,2021-09-17,26486,838,11016922
Connecticut,2021-09-18,12367,477,11029289
Connecticut,2021-09-19,10541,387,11039830
Connecticut,2021-09-20,34113,816,11073943
Connecticut,2021-09-21,32048,816,11105991
Connecticut,2021-09-22,28848,815,11134839
Connecticut,2021-09-23,29748,788,11164587
Connecticut,2021-09-24,26404,676,11190991
Connecticut,2021-09-25,12855,385,11203846
Connecticut,2021-09-26,11763,389,11215609
Connecticut,2021-09-27,33748,682,11249357
Connecticut,2021-09-28,26148,603,11275505
Connecticut,2021-09-29,28636,553,11304141
Connecticut,2021-09-30,29163,714,11333304
Connecticut,2021-10-01,27439,638,11360743
Connecticut,2021-10-02,13824,418,11374567
Connecticut,2021-10-03,12087,357,11386654
Connecticut,2021-10-04,34059,723,11420713
Connecticut,2021-10-05,33801,648,11454514
Connecticut,2021-10-06,29178,618,11483692
Connecticut,2021-10-07,28786,675,11512478
Connecticut,2021-10-08,25360,567,11537838
Connecticut,2021-10-09,13643,428,11551481
Connecticut,2021-10-10,10261,326,11561742
Connecticut,2021-10-11,25855,639,11587597
Connecticut,2021-10-12,31759,696,11619356
Connecticut,2021-10-13,29795,686,11649151
Connecticut,2021-10-14,29732,682,11678883
Connecticut,2021-10-15,25109,565,11703992
Connecticut,2021-10-16,13121,423,11717113
Connecticut,2021-10-17,10561,335,11727674
Connecticut,2021-10-18,30780,699,11758454
Connecticut,2021-10-19,29871,589,11788325
Connecticut,2021-10-20,25183,551,11813508
Connecticut,2021-10-21,27787,584,11841295
Connecticut,2021-10-22,22588,485,11863883
Connecticut,2021-10-23,12452,329,11876335
Connecticut,2021-10-24,10292,324,11886627
Connecticut,2021-10-25,28587,600,11915214
Connecticut,2021-10-26,25067,495,11940281
Connecticut,2021-10-27,25042,574,11965323
Connecticut,2021-10-28,25490,526,11990813
Connecticut,2021-10-29,21862,504,12012675
Connecticut,2021-10-30,11189,350,12023864
Connecticut,2021-10-31,9564,317,12033428
Connecticut,2021-11-01,27922,618,12061350
Connecticut,2021-11-02,24388,558,12085738
Connecticut,2021-11-03,22723,471,12108461
Connecticut,2021-11-04,20762,523,12129223
Connecticut,2021-11-05,19909,622,12149132
Connecticut,2021-11-06,9053,392,12158185
Connecticut,2021-11-07,8269,381,12166454
Connecticut,2021-11-08,26701,875,12193155
Connecticut,2021-11-09,31122,841,12224277
Connecticut,2021-11-10,25571,837,12249848
Connecticut,2021-11-11,21176,850,12271024
Connecticut,2021-11-12,21985,864,12293009
Connecticut,2021-11-13,12499,657,12305508
Connecticut,2021-11-14,11336,610,12316844
Connecticut,2021-11-15,32458,1147,12349302
Connecticut,2021-11-16,32295,1166,12381597
Connecticut,2021-11-17,28128,1106,12409725
Connecticut,2021-11-18,26964,1185,12436689
Connecticut,2021-11-19,24978,1138,12461667
Connecticut,2021-11-20,14415,848,12476082
Connecticut,2021-11-21,13742,740,12489824
Connecticut,2021-11-22,36036,1484,12525860
Connecticut,2021-11-23,33634,1367,12559494
Connecticut,2021-11-24,27297,1489,12586791
Connecticut,2021-11-25,6518,431,12593309
Connecticut,2021-11-26,20169,1387,12613478
Connecticut,2021-11-27,15246,1157,12628724
Connecticut,2021-11-28,16286,1130,12645010
Connecticut,2021-11-29,41319,2641,12686329
Connecticut,2021-11-30,38904,2497,12725233
Connecticut,2021-12-01,34416,2421,12759649
Connecticut,2021-12-02,37287,2534,12796936
Connecticut,2021-12-03,31441,2327,12828377
Connecticut,2021-12-04,18483,1616,12846860
Connecticut,2021-12-05,17530,1412,12864390
Connecticut,2021-12-06,41911,2918,12906301
Connecticut,2021-12-07,39473,2771,12945774
Connecticut,2021-12-08,36565,2764,12982339
Connecticut,2021-12-09,37989,2679,13020328
Connecticut,2021-12-10,31272,2763,13051600
Connecticut,2021-12-11,18022,1633,13069622
Connecticut,2021-12-12,15635,1423,13085257
Connecticut,2021-12-13,37760,3225,13123017
Connecticut,2021-12-14,40408,3400,13163425
Connecticut,2021-12-15,40540,3873,13203965
Connecticut,2021-12-16,39359,3796,13243324
Connecticut,2021-12-17,34821,3467,13278145
Connecticut,2021-12-18,22231,2508,13300376
Connecticut,2021-12-19,21750,2398,13322126
Connecticut,2021-12-20,48755,5466,13370881
Connecticut,2021-12-21,51412,6552,13422293
Connecticut,2021-12-22,53638,7408,13475931
Connecticut,2021-12-23,46683,7164,13522614
Connecticut,2021-12-24,20914,3752,13543528
Connecticut,2021-12-25,7297,1639,13550825
Connecticut,2021-12-26,23300,4739,13574125
Connecticut,2021-12-27,52277,12760,13626402
Connecticut,2021-12-28,53267,14555,13679669
Connecticut,2021-12-29,53334,15005,13733003
Connecticut,2021-12-30,53494,14531,13786497
Connecticut,2021-12-31,26645,7648,13813142
Connecticut,2022-01-01,12242,3842,13825384
Connecticut,2022-01-02,28986,7660,13854370
Connecticut,2022-01-03,59578,17596,13913948
Connecticut,2022-01-04,52667,16365,13966615
Connecticut,2022-01-05,42468,12194,14009083
Connecticut,2022-01-06,46295,12463,14055378
Connecticut,2022-01-07,23817,6797,14079195
Connecticut,2022-01-08,22653,6547,14101848
Connecticut,2022-01-09,20967,5705,14122815
Connecticut,2022-01-10,47397,11576,14170212
Connecticut,2022-01-11,38730,9037,14208942
Connecticut,2022-01-12,40739,9342,14249681
Connecticut,2022-01-13,39037,8326,14288718
Connecticut,2022-01-14,32257,7194,14320975
Connecticut,2022-01-15,16539,3700,14337514
Connecticut,2022-01-16,17619,3761,14355133
Connecticut,2022-01-17,27474,5230,14382607
Connecticut,2022-01-18,38916,6713,14421523
Connecticut,2022-01-19,36588,6197,14458111
Connecticut,2022-01-20,29006,4741,14487117
Connecticut,2022-01-21,27584,4459,14514701
Connecticut,2022-01-22,15130,2767,14529831
Connecticut,2022-01-23,17161,2463,14546992
Connecticut,2022-01-24,33270,4537,14580262
Connecticut,2022-01-25,31154,3825,14611416
Connecticut,2022-01-26,28026,3371,14639442
Connecticut,2022-01-27,26834,2816,14666276
Connecticut,2022-01-28,23624,2508,14689900
Connecticut,2022-01-29,2692,231,14692592
Connecticut,2022-01-30,13243,1458,14705835
Connecticut,2022-01-31,28442,2746,14734277
Connecticut,2022-02-01,25729,2024,14760006
Connecticut,2022-02-02,21655,1699,14781661
Connecticut,2022-02-03,22421,1583,14804082
Connecticut,2022-02-04,15673,1158,14819755
Connecticut,2022-02-05,9283,915,14829038
Connecticut,2022-02-06,9435,806,14838473
Connecticut,2022-02-07,25352,1369,14863825
Connecticut,2022-02-08,25196,1332,14889021
Connecticut,2022-02-09,20592,1113,14909613
Connecticut,2022-02-10,21591,1070,14931204
Connecticut,2022-02-11,17614,779,14948818
Connecticut,2022-02-12,8177,527,14956995
Connecticut,2022-02-13,7847,416,14964842
Connecticut,2022-02-14,22826,970,14987668
Connecticut,2022-02-15,20826,820,15008494
Connecticut,2022-02-16,19822,813,15028316
Connecticut,2022-02-17,20168,773,15048484
Connecticut,2022-02-18,15992,572,15064476
Connecticut,2022-02-19,7536,347,15072012
Connecticut,2022-02-20,7555,376,15079567
Connecticut,2022-02-21,15148,615,15094715
Connecticut,2022-02-22,21135,700,15115850
Connecticut,2022-02-23,16622,488,15132472
Connecticut,2022-02-24,18209,540,15150681
Connecticut,2022-02-25,8584,255,15159265
Connecticut,2022-02-26,7600,337,15166865
Connecticut,2022-02-27,6766,275,15173631
Connecticut,2022-02-28,18328,489,15191959
Connecticut,2022-03-01,17319,406,15209278
Connecticut,2022-03-02,14627,404,15223905
Connecticut,2022-03-03,14986,338,15238891
Connecticut,2022-03-04,13498,351,15252389
Connecticut,2022-03-05,6190,244,15258579
Connecticut,2022-03-06,5997,233,15264576
Connecticut,2022-03-07,17925,455,15282501
Connecticut,2022-03-08,16624,391,15299125
Connecticut,2022-03-09,13579,391,15312704
Connecticut,2022-03-10,14772,362,15327476
Connecticut,2022-03-11,12638,348,15340114
Connecticut,2022-03-12,6553,253,15346667
Connecticut,2022-03-13,5567,254,15352234
Connecticut,2022-03-14,16065,525,15368299
Connecticut,2022-03-15,14954,495,15383253
Connecticut,2022-03-16,12997,493,15396250
Connecticut,2022-03-17,12998,386,15409248
Connecticut,2022-03-18,11793,413,15421041
Connecticut,2022-03-19,6321,312,15427362
Connecticut,2022-03-20,5576,328,15432938
Connecticut,2022-03-21,16203,601,15449141
Connecticut,2022-03-22,14941,574,15464082
Connecticut,2022-03-23,14058,567,15478140
Connecticut,2022-03-24,12035,476,15490175
Connecticut,2022-03-25,11766,425,15501941
Connecticut,2022-03-26,6661,332,15508602
Connecticut,2022-03-27,6225,382,15514827
Connecticut,2022-03-28,16312,674,15531139
Connecticut,2022-03-29,14290,593,15545429
Connecticut,2022-03-30,12808,667,15558237
Connecticut,2022-03-31,13854,630,15572091
Connecticut,2022-04-01,11955,574,15584046
Connecticut,2022-04-02,6132,461,15590178
Connecticut,2022-04-03,5548,468,15595726
Connecticut,2022-04-04,16509,904,15612235
Connecticut,2022-04-05,15929,814,15628164
Connecticut,2022-04-06,14546,891,15642710
Connecticut,2022-04-07,14557,893,15657267
Connecticut,2022-04-08,13942,894,15671209
Connecticut,2022-04-09,6747,583,15677956
Connecticut,2022-04-10,6140,666,15684096
Connecticut,2022-04-11,16483,1117,15700579
Connecticut,2022-04-12,15264,1154,15715843
Connecticut,2022-04-13,13155,1151,15728998
Connecticut,2022-04-14,15062,1128,15744060
Connecticut,2022-04-15,10793,1060,15754853
Connecticut,2022-04-16,7277,818,15762130
Connecticut,2022-04-17,3827,407,15765957
Connecticut,2022-04-18,17049,1454,15783006
Connecticut,2022-04-19,15144,1226,15798150
Connecticut,2022-04-20,13856,1288,15812006
Connecticut,2022-04-21,13722,1199,15825728
Connecticut,2022-04-22,11164,1111,15836892
Connecticut,2022-04-23,6432,793,15843324
Connecticut,2022-04-24,5688,840,15849012
Connecticut,2022-04-25,17207,1628,15866219
Connecticut,2022-04-26,14952,1464,15881171
Connecticut,2022-04-27,13964,1606,15895135
Connecticut,2022-04-28,14902,1493,15910037
Connecticut,2022-04-29,12750,1372,15922787
Connecticut,2022-04-30,6923,1088,15929710
Connecticut,2022-05-01,6111,1078,15935821
Connecticut,2022-05-02,18220,2107,15954041
Connecticut,2022-05-03,15987,1924,15970028
Connecticut,2022-05-04,15322,2029,15985350
Connecticut,2022-05-05,16757,1990,16002107
Connecticut,2022-05-06,14097,1920,16016204
Connecticut,2022-05-07,7947,1381,16024151
Connecticut,2022-05-08,6658,1300,16030809
Connecticut,2022-05-09,20766,2718,16051575
Connecticut,2022-05-10,18542,2448,16070117
Connecticut,2022-05-11,18014,2566,16088131
Connecticut,2022-05-12,18045,2436,16106176
Connecticut,2022-05-13,14851,2188,16121027
Connecticut,2022-05-14,7955,1555,16128982
Connecticut,2022-05-15,7118,1414,16136100
Connecticut,2022-05-16,18694,2655,16154794
Connecticut,2022-05-17,16827,2369,16171621
Connecticut,2022-05-18,17333,2327,16188954
Connecticut,2022-05-19,16298,1962,16205252
Connecticut,2022-05-20,13929,1744,16219181
Connecticut,2022-05-21,7224,1161,16226405
Connecticut,2022-05-22,6451,1160,16232856
Connecticut,2022-05-23,17167,2108,16250023
Connecticut,2022-05-24,15949,1751,16265972
Connecticut,2022-05-25,14698,1589,16280670
Connecticut,2022-05-26,12491,1282,16293161
Connecticut,2022-05-27,8599,1083,16301760
Connecticut,2022-05-28,3923,666,16305683
Connecticut,2022-05-29,3389,614,16309072
Connecticut,2022-05-30,3363,390,16312435
Connecticut,2022-05-31,13551,1512,16325986
Connecticut,2022-06-01,10386,1132,16336372
Connecticut,2022-06-02,10813,948,16347185
Connecticut,2022-06-03,8251,815,16355436
Connecticut,2022-06-04,3760,560,16359196
Connecticut,2022-06-05,3121,513,16362317
Connecticut,2022-06-06,11167,985,16373484
Connecticut,2022-06-07,10279,896,16383763
Connecticut,2022-06-08,10515,858,16394278
Connecticut,2022-06-09,9327,715,16403605
Connecticut,2022-06-10,9283,836,16412888
Connecticut,2022-06-11,5152,548,16418040
Connecticut,2022-06-12,4670,559,16422710
Connecticut,2022-06-13,12135,995,16434845
Connecticut,2022-06-14,10856,859,16445701
Connecticut,2022-06-15,10128,886,16455829
Connecticut,2022-06-16,8843,635,16464672
Connecticut,2022-06-17,6802,568,16471474
Connecticut,2022-06-18,3079,295,16474553
Connecticut,2022-06-19,1423,139,16475976
Connecticut,2022-06-20,0,0,16475976
